0.7599515626931592 47.25727964396356
0.7698525527921691 47.25727964396356
0.779753542891179 47.25727964396356
0.7970802755644464 47.25727964396356
0.8094565131882088 47.25727964396356
0.8193575032872187 47.25727964396356
0.8292584933862286 47.25727964396356
0.8391594834852385 47.25727964396356
0.8490604735842484 47.25727964396356
0.8589614636832582 47.25727964396356
0.8688624537822681 47.25727964396356
0.878763443881278 47.25727964396356
0.8886644339802879 47.25727964396356
0.8960901765545454 47.25727964396356
0.9084664141783078 47.25727964396356
0.9183674042773177 47.25727964396356
0.9282683943763276 47.25727964396356
0.9381637652982098 121.99233544239542
0.9480647553972197 121.99233544239542
0.9579657454962296 121.99233544239542
0.9678667355952395 121.99233544239542
0.9777677256942494 121.99233544239542
0.9876687157932593 121.99233544239542
0.9950944583675168 121.99233544239542
1.0520096986997225 327.51373888807575
1.059434036479698 346.1975028376837
1.076728458884481 775.9240736786451
1.074265854508266 607.7701981321807
1.0742742832739574 495.66761443454016
1.0841527966644566 794.607837628253
1.0940200717007003 1243.0181724188296
1.1014177183893192 1616.6934514109744
1.111279374248435 2139.8388419999756
1.1187051168226927 2139.8388419999756
1.1433536372933548 3522.4373742709104
1.1433648756476102 3372.967262674054
1.1433761140018657 3223.4971510771975
1.143387352356121 3074.0270394803374
1.1556778975286859 4213.73664040638
1.1532152931524708 4045.582764859915
1.1532265315067263 3896.112653263055
1.1532377698609817 3746.6425416661987
1.153246198626673 3634.5399579685545
1.1631022353086615 4232.420404355988
1.1704774052887696 4905.035906541845
1.1778610040345692 5465.548825030062
1.1778722423888246 5316.078713433206
1.17788348074308 5166.608601836346
1.1778947190973355 5017.138490239489
1.1779031478630269 4905.035906541845
1.1951287353479958 6250.266910913568
1.2049974151785214 6679.993481754533
1.2025348108023062 6511.839606208068
1.2025460491565616 6362.369494611208
1.202554477922253 6250.266910913568
1.2124105146042414 6848.147357300997
1.2371461323203832 7072.352524696285
1.2470527415965207 6997.6174688978535
1.2643850934469159 6922.882413099425
1.274297321900181 6773.412301502569
1.2842025263820367 6717.361009653745
1.2916296737505761 6698.677245704141
1.3064699205448354 6848.147357300997
1.3262550432114724 7072.352524696285
1.3336695474314744 7221.822636293142
1.3410728132972207 7520.762859486858
1.3583658309077222 7969.173194277431
1.3657803351277242 8118.643305874288
1.375644800575404 8604.421168564077
1.3756560389296593 8454.951056967217
1.375667277283915 8305.48094537036
1.375675706049606 8193.378361672716
1.3855176947887755 8978.096447556221
1.3855289331430307 8828.626335959361
1.3855373619087223 8716.52375226172
1.392935008597341 9090.199031253866
1.4027966644564573 9613.344421842867
1.4126653442869825 10043.070992683832
1.4102027399107677 9874.917117137367
1.410213978265023 9725.44700554051
1.4102224070307146 9613.344421842867
1.4225677391802747 10024.387228734224
1.4324715388678482 9987.019700835011
1.4373560085861028 10865.15660646655
1.4348934042098875 10697.002730920085
1.4349046425641427 10547.532619323229
1.4349158809183984 10398.062507726368
1.4349271192726536 10248.592396129512
1.4349383576269092 10099.122284532656
1.4447494408918757 11294.883177307514
1.4447606792461314 11145.413065710658
1.4447719176003866 10995.942954113802
1.4447803463660782 10883.840370416157
1.454642002225194 11406.985761005159
1.4620171722053024 12079.60126319102
1.4718788280644182 12602.746653780021
1.4793045706386758 12602.746653780021
1.4965807307177936 13275.362155965882
1.5138259853227094 14359.0204650431
1.513837223676965 14209.550353446244
1.5138484620312203 14060.080241849384
1.5310993358132636 15069.003495128174
1.5409623964666617 15573.465121767571
1.5384997920904464 15405.311246221107
1.5385110304447016 15255.841134624246
1.5385222687989573 15106.37102302739
1.548386734246637 15592.148885717179
1.5754810015621312 17367.106460929863
1.5730183971859164 17198.9525853834
1.5730296355401716 17049.482473786542
1.5730408738944273 16900.012362189682
1.5730521122486825 16750.542250592825
1.5730633506029377 16601.072138995965
1.582905339342107 17385.79022487947
1.6001534035355864 18432.081006057473
1.6075791461098436 18432.081006057473
1.6174239444375766 19179.431564041763
1.6247934952405574 19926.782122026052
1.642055607376856 20786.235263707986
1.6420668457311112 20636.765152111126
1.6420780840853668 20487.29504051427
1.6420865128510584 20375.19245681663
1.659312100336027 21720.423461188344
1.6691358267495309 22748.030478416746
1.666673222373316 22579.876602870278
1.6666844607275713 22430.40649127342
1.666695699081827 22280.93637967656
1.6667069374360821 22131.466268079705
1.6667181757903373 21981.996156482848
1.666729414144593 21832.52604488599
1.6667378429102846 21720.423461188344
1.6789974826086471 23271.175869005747
1.6765348782324319 23103.021993459282
1.6765461165866875 22953.551881862422
1.6765573549409427 22804.081770265562
1.6864218203886225 23289.859632955355
1.693768894483092 24336.150414133357
1.7011356356975087 25120.868500016863
1.7011468740517643 24971.398388420002
1.7011581124060196 24821.928276823142
1.7011693507602748 24672.458165226286
1.7011805891145304 24522.98805362943
1.7011918274687856 24373.517942032573
1.7184033670109353 25905.586585900364
1.728253784515796 26578.202088086226
1.7455074678864029 27549.7578134658
1.762744293725627 28745.518706240662
1.7701110349400433 29530.236792124168
1.770122273294299 29380.766680527307
1.7701335116485541 29231.29656893045
1.7701447500028098 29081.82645733359
1.770155988357065 28932.356345736735
1.7701672267113207 28782.886234139878
1.787412481316236 29866.544543217096
1.7972741371753522 30389.689933806098
1.804674593452535 30725.997684899026
1.8046858318067902 30576.52757330217
1.8046970701610459 30427.057461705313
1.8318601723963543 31286.510603387243
1.839285914970612 31286.510603387243
1.8516368662972997 31622.818354480176
1.8590597992829934 31660.18588237939
1.866446207617357 32183.33127296839
1.8738719501916141 32183.33127296839
1.8813145502972546 31959.126105573105
1.891209921219137 32033.861161371533
1.8986384733819581 31996.493633472317
1.8986469021476498 31884.391049774677
1.9085563210123513 31772.288466077032
1.9085675593666065 31622.818354480176
1.9110554500398966 31454.664478933708
1.9184825974084356 31435.980714984104
1.9258858632741824 31734.920938177816
1.933308796259876 31772.288466077032
1.950660815230218 31435.980714984104
1.9605561861521004 31510.71577078253
1.9680268821433793 30912.8353243951
1.980411548532833 30800.73274069746
1.9878401006956543 30763.365212798242
2.0027253009069357 30314.95487800767
2.0101622818354485 30165.48476641081
2.0299867387419788 29866.544543217096
2.0374152909048004 29829.17701531788
2.0374265292590557 29679.706903721024
2.037437767613311 29530.236792124168
2.0374490059675665 29380.766680527307
2.0374602443218217 29231.29656893045
2.039943920612266 29119.193985232807
2.0473696631865232 29119.193985232807
2.054823501646419 28745.518706240662
2.062257672986368 28633.416122543018
2.064745563659658 28465.262246996554
2.0746507681415136 28409.210955147733
2.082079320304335 28371.843427248517
2.1069329407401582 27026.6124228768
2.124343961070341 25905.586585900368
2.1317725132331624 25868.219058001152
2.1317837515874176 25718.748946404296
2.1317949899416733 25569.278834807435
2.1318062282959285 25419.808723210575
2.131817466650184 25270.33861161372
2.134301142940628 25158.23602791608
2.1417296951034492 25120.868500016863
2.141740933457705 24971.398388420006
2.1442246097481488 24859.295804722362
2.151650352322406 24859.295804722362
2.1591210483136853 24261.415358334933
2.1665496004765066 24224.047830435717
2.166560838830762 24074.57771883886
2.1665720771850174 23925.107607242
2.1665833155392726 23775.63749564514
2.1665917443049643 23663.5349119475
2.191420078443713 22654.61165866871
2.1914313167979684 22505.14154707185
2.19143974556366 22393.03896337421
2.2013491644283616 22280.936379676565
2.201360402782617 22131.466268079705
2.201371641136872 21981.996156482848
2.2013828794911277 21832.52604488599
2.201394117845383 21683.055933289135
2.2014053561996385 21533.585821692275
2.2014165945538937 21384.115710095415
2.2039044852271834 21215.96183454895
2.211331632595723 21197.278070599346
2.218796709409874 20674.13268001034
2.2262842629325363 19852.047066227628
2.243661568199953 19179.431564041766
2.253652465133006 17983.670671266904
2.263615266180421 17161.585057484186
2.271043818343242 17124.217529584974
2.2710550566974974 16974.747417988114
2.271066295051753 16825.277306391257
2.2710775334060083 16675.8071947944
2.271088771760264 16526.33708319754
2.273572448050708 16414.2344994999
2.280998190624965 16414.2344994999
2.288485744147627 15592.148885717183
2.295914296310449 15554.781357817967
2.295925534664704 15405.31124622111
2.2959367730189593 15255.84113462425
2.295948011373215 15106.371023027394
2.29595924972747 14956.900911430534
2.2959704880817258 14807.430799833677
2.2984541643721697 14695.328216136033
2.305879906946427 14695.328216136033
2.3307700520335803 12864.319349074525
2.3307812903878355 12714.849237477669
2.330792528742091 12565.379125880812
2.3308037670963464 12415.909014283952
2.330815005450602 12266.438902687096
2.3308262438048573 12116.968791090236
2.3333099200953016 12004.866207392595
2.340735662669559 12004.866207392595
2.3581916364167634 10285.959924028728
2.3656173789910206 10285.959924028728
2.3731161708679385 9314.404198649154
2.383078971915353 8492.318584866436
2.3930417729627678 7670.232971083718
2.4004703251255886 7632.8654431845025
2.400481563479844 7483.395331587646
2.4004928018340994 7333.92521999079
2.400504040188355 7184.45510839393
2.4005152785426103 7034.984996797073
2.400526516896866 6885.514885200217
2.40301019318731 6773.4123015025725
2.410435935761567 6773.4123015025725
2.417917870107102 6026.061743518283
2.425346422269923 5988.694215619067
2.4253576606241785 5839.224104022211
2.4253688989784337 5689.753992425354
2.4253801373326893 5540.283880828494
2.427863813623133 5428.181297130854
2.4352923657859544 5390.813769231638
2.4353036041402096 5241.343657634781
2.4353148424944653 5091.873546037921
2.4353260808487205 4942.403434441065
2.435337319202976 4792.933322844205
2.4353485575572313 4643.463211247348
2.4527455299445955 3709.2750137669864
2.460179701284544 3597.172430069346
2.4601909396387995 3447.702318472486
2.4602021779930547 3298.2322068756293
2.462690068666345 3130.078331329165
2.470117216034884 3111.394567379557
2.4850529888403146 1990.3687304031228
2.4974573223497156 1616.693451410978
2.504883064923973 1616.693451410978
2.512348141738124 1093.5480608219732
2.5297057798855938 682.5052539306198
2.529717018239849 533.0351423337634
2.5470634180330634 271.46244703925913
2.566880850968184 65.9410435935788
2.5743079983367236 47.25727964397083
1.015020525206319 204.31328036321793
1.0375811833784234 147.55959137343598
1.0150269259983102 119.18274687854864
1.0375811833784234 147.55959137343598
1.1276275251124406 2531.2145289443833
1.1688272895632952 4574.347332576621
1.191268466284895 6106.696935300799
1.2212753791402458 7014.7559591373465
1.4877446169339352 12973.893303064702
1.5551684261732652 16237.230419977299
1.592645063282497 17797.95686719637
1.6563158748175777 20976.16345062429
1.753511901205909 28269.01248581158
2.0918940370221812 27786.606129398417
2.1164282727249453 26481.271282633377
2.3128749797308252 13740.068104426795
2.348781289204851 11186.152099886498
2.477253718860147 2502.837684449496
2.174950713901667 23132.8036322361
1.94 31600
