0.7956255163717006 442.22262966613926
0.8100839239900857 443.0743768012471
0.8197228624023423 668.787367603727
0.8269520662115348 669.213241171281
0.8534591468452406 1121.0650963437802
0.8606883506544332 1121.4909699113196
0.8751467582728181 2698.358832699945
0.8847856966850749 4725.233098535013
0.8992441043034598 9003.842873872505
0.9088830427157166 16884.491283563475
0.9161122465249092 16884.91715713103
0.9257511849371658 27017.01716061274
0.9353901233494224 33546.79461402926
0.942619327158615 33547.22048759682
0.9570777347770001 20939.94330950381
0.9667166731892567 20715.365981548137
0.9908140192198982 9009.237272394836
1.01491136525054 5183.189141509094
1.0269600382658608 4846.181191719734
1.0365989766781174 4621.6038637640595
1.0486476496934383 4284.595913974699
1.075154730327144 4736.447769147198
1.0823839341363366 4736.873642714752
1.0896131379455292 5412.73499441953
1.0968423417547217 5863.451186745209
1.1064812801669783 6764.599655684913
1.1233494223884275 7891.319157571241
1.13057862619762 8792.325668655089
1.1378078300068124 8792.751542222642
1.1570857068313258 12846.500073892763
1.1643149106405184 14422.942063113835
1.171544114449711 14423.367936681374
1.1787733182589035 14874.084129007068
1.1908219912742244 15325.084237044473
1.200460929686481 15438.224648157411
1.2100998680987376 15551.365059270349
1.2197388065109944 15664.505470383301
1.2486556217477642 16003.9267037221
1.2558848255569568 16004.352577289654
1.272752967778406 15555.055963522464
1.2823919061906628 15443.051215256331
1.2920308446029194 15443.619046679727
1.3040795176182403 15782.04657502759
1.3209476598396894 16233.330598776694
1.328176863648882 16684.046791102388
1.342635271267267 17135.18885699565
1.3570936788856518 17811.476082267967
1.36191314809178 18712.34063549596
1.3691423519009727 18712.766509063513
1.3763715557101652 19613.773020147346
1.3860104941224218 20740.066648466134
1.402878636343871 21191.350672215223
1.4342051861837053 25020.663833785526
1.443844124595962 26372.102621483384
1.4679414706266036 28174.683475074475
1.4848096128480528 31777.9997301306
1.4944485512603094 33804.87399596565
1.501677755069502 35381.315985186724
1.5161361626878869 36958.183847975335
1.5209556318940154 36958.46776368703
1.5257751011001437 37634.187157535955
1.533004304909336 37859.75819048258
1.5667405893522346 41914.35846928782
1.573969793161427 43265.6552991298
1.5787892623675552 43265.939214841506
1.5836087315736838 45067.38440558579
1.590837935382876 45292.95543853242
1.6342131582380313 54976.75253323789
1.6414423620472236 58354.35579749154
1.6486715658564162 58354.781671059085
1.6583105042686728 61732.52689316859
1.6655397080778653 61732.95276673615
1.6920467887115713 70515.17551893435
1.6992759925207637 72767.05298629265
1.7137344001391488 75244.50148659755
1.7233733385514054 77496.5209118117
1.7498804191851112 80424.969520154
1.7571096229943037 80425.39539372156
1.7643388268034963 82001.83738294261
1.7715680306126889 84253.71485030091
1.7812069690249455 86055.44395675689
1.7980751112463946 87182.16345864322
1.8053043150555872 87182.58933221077
1.8125335188647798 88984.17648081091
1.8221724572770364 91236.19590602504
1.829401661086229 92362.34757648795
1.8390405994984855 93038.35088604859
1.846269803307678 93038.77675961613
1.8534990071168704 94164.92843007906
1.8631379455291273 94615.78658026061
1.8703671493383196 94841.35761320723
1.8800060877505764 95292.21576338878
1.889645026162833 95517.92875419125
1.8968742299720256 95518.3546277588
1.9113326375904105 96419.7870124102
1.9209715760026673 96645.50000321268
1.9378397182241165 96871.6388675827
1.947478656636373 96872.2066990061
1.9547078604455657 96872.63257257365
1.9691662680639506 97098.62947908783
1.9763954718731431 97099.05535265538
1.9956733486976563 96424.75553736497
2.005312287109913 96425.32336878838
2.0149512255221698 96313.31862052224
2.0245901639344264 96201.3138722561
2.031819367743619 96201.73974582365
2.0366388369497472 96202.02366153535
2.0510972445681324 95527.43993053323
2.0776043252018384 94853.56598881037
2.087243263614095 93728.40802333842
2.0968822020263516 93728.97585476181
2.104111405835544 93729.40172832937
2.1089308750416724 93729.68564404106
2.113750344247801 93279.67924099462
2.118569813453929 93279.96315670632
2.125799017263122 92379.80839275758
2.1354379556753784 91254.65042728561
2.1426671594845708 91255.07630085316
2.149896363293763 90580.0666962835
2.15953530170602 89905.19904956968
2.1691742401182768 88329.75076533956
2.176403443927469 88330.17663890711
2.183632647736662 87204.8767155793
2.190861851545854 87205.30258914686
2.200500789958111 86080.14462367489
2.21736893217956 82929.10609735882
2.227007870591817 81578.80297250778
2.234237074401009 81579.22884607533
2.2414662782102015 80003.63860398936
2.2486954820193943 79778.91931817784
2.2535149512255224 77978.04195885696
2.258334420431651 77978.32587456866
2.2655636242408432 76402.7356324827
2.2992999086837416 69650.3682610924
2.3065291124929344 69650.79413465995
2.316168050905191 67625.05553167171
2.3233972547143833 65824.32013020666
2.33303619312664 63573.43636783933
2.3402653969358327 63573.86224140688
2.347494600745025 60647.40104304648
2.3571335391572816 58171.37212130007
2.3667724775695382 55695.34319955367
2.374001681378731 55695.76907312122
2.3812308851879234 53219.59819351896
2.3884600889971157 53220.02406708651
2.3956892928063085 50968.99834686333
2.405328231218565 47817.5339469797
2.4149671696308217 45116.359865854225
2.4390645156614634 39489.1504599359
2.4462937194706558 39489.57633350344
2.4559326578829124 36338.11193361983
2.480030003913554 30710.902527701488
2.487259207722747 28459.876807478315
2.504127349944196 24858.54796240409
2.5137662883564524 22382.519040657688
2.5282246959748376 19681.6288752439
2.53545389978403 17205.457995641656
2.545092838196287 14504.28391451617
2.5547317766085436 12253.400152148839
2.561960980417736 10227.519591304736
2.576419388036121 8427.210063407241
2.5860583264483776 8202.632735451582
2.59328753025757 6401.897333986548
2.602926468669827 4826.449049756426
2.619794610891276 3476.5717984729417
2.6270238147004683 2351.2718751451175
2.6366627531127254 1676.4042284313182
2.6438919569219177 1451.6849426197878
2.6535308953341743 776.8172959059739
2.663169833746431 327.09480857121525
0.9489281210592686 29746.363151805082
0.9716267339218159 13311.765131944252
0.9943253467843631 6774.074328578281
1.0094577553593946 5714.582865165896
1.1494325346784364 10936.378139352586
1.414249684741488 22527.82539414274
1.4312736443883984 24031.037409438577
1.474779319041614 29954.07161707648
1.542875157629256 38794.60745440122
1.5580075662042876 40562.803767130245
1.6034047919293821 47104.50610737913
1.6147540983606559 49579.401500983346
1.6261034047919294 52231.02738059637
1.671500630517024 65311.75770317222
1.6828499369482977 67698.28785377201
1.7414880201765448 79189.2238233289
2.2049180327868854 84341.70865470504
2.2786885245901645 74449.14726983337
2.2900378310214378 71798.8585691813
2.4281210592686002 42381.367154055944
2.4659520807061797 33900.53245723341
1.06 4400
1.46 28000
